2
24
71
71
25
49
39
36
76
18
44
75
89
77
4
10
69
65
32
66
47
50
1
24
16
65
11
17
66
5
9
34
39
13
88
51
100
95
97
83
17
5
17
97
62
87
11
43
8
73
59
57
58
9
22
4
35
72
61
75
17
10
60
46
76
47
16
83
97
69
30
57
4
20
43
88
13
20
97
79
33
58
19
39
33
16
42
94
51
96
97
43
67
57
58
95
43
55
89
12
49
1
40
44
100
26
16
82
46
83
78
46
99
68
55
16
100
42
86
36
61
13
77
63
62
11
44
72
69
9
89
97
80
52
53
63
59
10
20
45
31
3
41
43
1
23
69
71
54
17
39
69
68
29
46
72
3
89
89
84
86
44
83
45
28
35
90
74
41
88
67
67
73
38
78
43
11
56
2
25
90
74
78
7
7
80
5
46
87
59
66
53
99
7
69
48
14
35
39
12
29
43
78
26
34
30
54
74
46
73
24
54
40
83
10
9
38
24
25
39
65
96
48
10
36
10
95
74
89
73
76
52
60
83
94
54
2
27
92
36
50
32
5
24
97
45
47
39
92
43
34
26
71
66
61
37
62
7
3
95
28
55
37
64
43
9
75
18
28
5
11
10
56
91
11
75
33
38
71
86
74
57
59
51
1
65
51
98
83
84
39
10
4
34
75
68
20
94
60
27
63
2
71
79
56
57
67
63
29
46
31
59
40
92
2
34
82
66
5
38
41
95
34
74
97
62
33
68
32
36
25
51
16
66
92
55
67
71
69
94
85
89
24
78
88
63
6
25
10
52
51
3
72
10
36
38
64
67
58
23
62
1
13
20
39
40
99
55
89
90
17
33
40
44
41
33
39
13
4
45
34
65
53
85
55
93
31
88
75
61
70
38
71
45
21
29
30
74
49
71
98
41
53
71
61
57
1
4
76
13
19
11
23
79
4
55
70
20
87
38
31
57
16
66
56
66
81
82
8
84
31
79
17
69
85
15
64
75
5
89
64
56
62
14
43
65
51
17
93
50
28
58
81
55
38
96
31
58
47
89
27
21
6
93
37
16
69
62
95
78
69
97
3
34
35
79
34
18
23
58
60
79
17
39
43
29
43
58
58
53
24
33
24
20
67
55
3
9
44
30